config.:4137 : test FPP asserv epais., paral.H, V, Brillouin;;ncondit. physique:0nbre balay max:2000;;

intens max Bril:1000cps;;

nbre balay effect:2000;;

1 ms/canal;;

frequ ISL FPS:1.4796GHz;

ordre calc frequ : 23;;

sens calc frequ : 1;;

frequ Bril.:35.515 GHz;;

intens Bril:348 cps;;

debut segm balay Bril.:-200;;

can. Bril.:1790;;

1er elast.Bril:285;;

2eme elast.Bril:1437;;

nbre can.ISL FPS_Bril.:1152;;

freq.lue gene0;;

frequ modul.:35.040 GHz;;

intens modul:808 cps;;

can. modul:1429;;

1er elast.modul:199;;

2eme elast.modul:1784;;

nbre can.ISL FPS modul.:1585;;

1ere colonne : cumul Brillouin;

2eme colonne : cumul modulation;

3eme colonne : intensite asservissement modulation;

4eme colonne : canal trigger FPS;

5eme colonne : intensite trigger FPS;

    83;     0;   641;  1255;   270

    47;     0;   641;  1257;   321

    37;     0;   623;  1252;   289

    43;     0;   623;  1251;   308

    48;     0;   620;  1250;   316

    44;     0;   620;  1247;   319

    41;     0;   636;  1244;   334

    44;     0;   636;  1242;   268

    33;     0;   614;  1240;   336

    29;     0;   614;  1237;   306

    41;     0;   657;  1234;   309

    36;     0;   657;  1231;   315

    40;     0;   637;  1227;   311

    38;     0;   637;  1224;   283

    36;     0;   591;  1221;   306

    46;     0;   591;  1217;   294

    37;     0;   626;  1212;   276

    45;     0;   626;  1210;   328

    45;     0;   601;  1205;   281

    49;     0;   601;  1200;   296

    34;     0;   609;  1196;   287

    34;     0;   609;  1191;   316

    40;     0;   505;  1183;   310

    38;     0;   505;  1179;   316

    44;     0;   593;  1175;   278

    37;     0;   593;  1170;   271

    28;     0;   566;  1163;   265

    44;     0;   566;  1159;   249

    33;     0;   609;  1153;   285

    45;     0;   609;  1149;   306

    40;     0;   512;  1142;   297

    36;     0;   512;  1136;   294

    37;     0;   601;  1128;   267

    51;     0;   601;  1124;   274

    31;     0;   522;  1116;   241

    39;     0;   522;  1113;   291

    31;     0;   515;  1106;   333

    34;     0;   515;  1101;   275

    38;     0;   463;  1095;   266

    33;     0;   463;  1089;   250

    37;     0;   500;  1082;   267

    41;     0;   500;  1078;   267

    41;     0;   466;  1068;   254

    37;     0;   466;  1063;   311

    34;     0;   469;  1056;   297

    40;     0;   469;  1051;   303

    40;     0;   464;  1046;   273

    43;     0;   464;  1040;   240

    35;     0;   448;  1032;   253

    33;     0;   448;  1027;   275

    36;     0;   458;  1020;   296

    42;     0;   458;  1006;   276

    35;     0;   426;   996;   281

    29;     0;   426;   989;   247

    47;     0;   536;   981;   255

    48;     0;   536;   978;   293

    32;     0;   549;   969;   312

    36;     0;   549;   965;   276

    39;     0;   567;   957;   276

    34;     0;   567;   952;   255

    36;     0;   624;   945;   298

    35;     0;   624;   940;   302

    39;     0;   597;   930;   309

    35;     0;   597;   926;   274

    50;     0;   616;   918;   273

    48;     0;   616;   915;   315

    34;     0;   587;   909;   272

    44;     0;   587;   904;   319

    38;     0;   574;   897;   278

    41;     0;   574;   894;   308

    30;     0;   582;   888;   288

    42;     0;   582;   883;   308

    57;     0;   600;   875;   306

    49;     0;   600;   871;   311

    40;     0;   576;   864;   298

    42;     0;   576;   858;   280

    43;     0;   582;   851;   296

    40;     0;   582;   847;   281

    44;     0;   623;   841;   292

    35;     0;   623;   837;   343

    52;  4257;   644;   831;   277

    35;  3183;   644;   828;   293

    51;  1710;   607;   819;   244

    35;  1920;   607;   815;   330

    48;   576;   585;   809;   280

    49;   381;   585;   805;   296

    46;   383;   558;   798;   308

    39;   346;   558;   794;   261

    44;   346;   528;   788;   264

    39;   421;   528;   785;   284

    44;   361;   539;   780;   298

    47;   415;   539;   776;   315

    33;   368;   567;   769;   338

    40;   394;   567;   766;   310

    37;   384;   509;   761;   312

    33;   383;   509;   757;   270

    46;   410;   502;   752;   337

    39;   398;   502;   748;   318

    44;   373;   517;   742;   326

    42;   396;   517;   739;   326

    48;   396;   469;   734;   312

    52;   416;   469;   723;   309

    35;   421;   444;   720;   317

    53;   416;   444;   717;   315

    41;   434;   447;   713;   284

    52;   439;   447;   708;   277

    43;   444;   760;   704;   327

    44;   485;   760;   701;   344

    51;   474;   778;   697;   297

    46;   478;   778;   695;   323

    36;   477;   724;   690;   302

    38;   465;   724;   688;   317

    36;   507;   773;   683;   299

    43;   461;   773;   680;   352

    36;   507;   684;   677;   284

    35;   512;   684;   674;   312

    36;   519;   690;   671;   312

    32;   509;   690;   669;   312

    33;   567;   746;   666;   315

    42;   550;   746;   664;   293

    42;   546;   686;   662;   321

    44;   566;   686;   661;   315

    41;   592;   644;   657;   334

    33;   583;   644;   657;   332

    48;   621;   655;   654;   287

    46;   603;   655;   654;   324

    51;   635;   614;   652;   339

    41;   603;   614;   651;   324

    35;   676;   604;   650;   346

    56;   685;   604;   648;   327

    43;   718;   533;   647;   305

    44;   663;   533;   648;   325

    31;   699;   565;   647;   295

    52;   731;   565;   647;   325

    52;   743;   539;   646;   336

    35;   711;   539;   646;   316

    60;   786;   579;   646;   365

    49;   788;   579;   646;   331

    58;   845;   525;   645;   295

    40;   874;   525;   648;   306

    35;   874;   538;   645;   322

    53;   875;   538;   645;   315

    51;   899;   531;   645;   337

    51;   951;   531;   645;   332

    47;   985;   472;   646;   330

    55;   998;   472;   647;   302

    42;  1024;   484;   647;   313

    45;  1086;   484;   648;   369

    46;  1105;   497;   649;   352

    39;  1157;   497;   649;   305

    45;  1233;   521;   650;   272

    60;  1311;   521;   644;   326

    67;  1289;   510;   648;   354

    54;  1373;   510;   650;   340

    42;  1430;   719;   651;   338

    56;  1424;   719;   653;   337

    67;  1421;   738;   654;   317

    56;  1586;   738;   655;   353

    53;  1695;   754;   658;   333

    51;  1801;   754;   658;   342

    67;  1836;   764;   659;   326

    55;  1967;   764;   660;   324

    50;  2021;   688;   662;   329

    53;  2176;   688;   663;   336

    60;  2250;   660;   665;   328

    78;  2487;   660;   666;   333

    88;  2629;  1000;   668;   342

    70;  2669;  1000;   669;   327

    80;  2616;   939;   671;   337

    58;  2902;   939;   672;   311

    88;  3292;  1020;   673;   306

    74;  3524;  1020;   674;   335

    65;  3711;  1005;   676;   333

    88;  3803;  1005;   678;   362

    73;  4272;   926;   679;   336

    94;  4823;   926;   681;   323

   114;  5052;   893;   683;   338

   106;  5673;   893;   685;   342

   106;  6017;   866;   686;   307

   114;  6654;   866;   688;   314

   117;  7237;   860;   689;   294

   108;  7990;   860;   690;   391

   136;  8991;   924;   692;   365

   148;  9629;   924;   693;   326

   172; 10426;   977;   695;   325

   153; 11197;   977;   697;   350

   167; 12502;   958;   699;   304

   198; 13662;   958;   700;   319

   207; 14854;   977;   703;   339

   209; 16192;   977;   706;   362

   209; 17553;   884;   706;   356

   236; 19351;   884;   708;   298

   266; 20399;   787;   710;   313

   303; 21422;   787;   711;   301

   293; 23475;   834;   713;   363

   314; 24572;   834;   715;   294

   370; 25619;   875;   717;   297

   374; 26055;   875;   718;   326

   345; 26106;   767;   721;   325

   429; 25524;   767;   723;   344

   472; 25637;   830;   724;   342

   420; 25618;   830;   722;   305

   449; 24758;   762;   729;   314

   471; 24222;   762;   732;   290

   494; 22737;   817;   733;   337

   447; 21611;   817;   735;   288

   491; 21118;   828;   737;   302

   465; 19851;   828;   739;   358

   512; 18463;   851;   740;   319

   459; 16912;   851;   742;   328

   470; 15595;   908;   744;   342

   473; 14622;   908;   746;   314

   475; 12924;   851;   747;   309

   408; 11645;   851;   747;   330

   463; 10862;   833;   749;   340

   436;  9899;   833;   750;   275

   418;  9128;   849;   753;   377

   392;  8225;   849;   753;   307

   381;  7700;   823;   755;   351

   352;  6986;   823;   757;   269

   310;  6797;   776;   758;   345

   300;  6178;   776;   760;   315

   284;  5591;   779;   761;   339

   284;  5112;   779;   761;   270

   261;  4702;   817;   762;   355

   274;  4480;   817;   764;   330

   237;  4111;   817;   764;   292

   212;  3910;   817;   764;   298

   201;  3402;   774;   765;   327

   168;  3243;   774;   766;   324

   182;  3125;   834;   766;   300

   157;  2933;   834;   769;   292

   155;  2754;   886;   766;   340

   140;  2745;   886;   767;   321

   147;  2563;   844;   766;   332

   137;  2283;   844;   765;   332

   126;  2183;   868;   763;   320

   104;  1953;   868;   762;   294

   109;  1868;   881;   762;   309

    92;  1848;   881;   762;   324

   107;  1858;   863;   762;   315

    98;  1673;   863;   761;   285

   107;  1675;   843;   751;   289

    99;  1532;   843;   759;   309

    83;  1503;   897;   757;   276

    75;  1473;   897;   756;   280

    85;  1354;   892;   755;   284

    99;  1293;   892;   753;   260

    78;  1226;   911;   752;   290

    63;  1196;   911;   750;   298

    48;  1112;   876;   750;   295

    67;  1090;   876;   743;   282

    62;  1059;   858;   746;   313

    62;  1080;   858;   745;   331

    70;  1024;   868;   743;   299

    64;   972;   868;   742;   307

    66;   930;   875;   739;   295

    70;   872;   875;   738;   279

    66;   802;   863;   734;   284

    52;   857;   863;   733;   294

    53;   827;   847;   730;   323

    63;   787;   847;   728;   311

    52;   785;   821;   722;   287

    52;   821;   821;   721;   321

    72;   730;   882;   718;   307

    66;   750;   882;   716;   283

    47;   648;   792;   711;   279

    51;   648;   792;   710;   292

    58;   622;   796;   706;   294

    56;   661;   796;   703;   264

    57;   619;   696;   700;   268

    39;   613;   696;   697;   295

    61;   614;   735;   692;   316

    47;   600;   735;   689;   290

    42;   601;   631;   686;   280

    46;   581;   631;   682;   293

    43;   550;   584;   677;   297

    55;   556;   584;   674;   299

    56;   529;   561;   669;   306

    52;   513;   561;   666;   302

    54;   476;   559;   662;   275

    57;   496;   559;   658;   275

    46;   507;   542;   651;   313

    53;   500;   542;   648;   282

    44;   472;   512;   643;   264

    57;   487;   512;   640;   290

    58;   434;   728;   636;   275

    57;   437;   728;   632;   309

    49;   414;   754;   627;   332

    46;   431;   754;   624;   305

    45;   417;   742;   619;   293

    60;   448;   742;   616;   306

    44;   401;   666;   609;   284

    33;   408;   666;   606;   292

    50;   391;   722;   603;   295

    50;   384;   722;   601;   289

    51;   370;   752;   597;   311

    46;   368;   752;   595;   277

    58;   334;   691;   591;   321

    53;   341;   691;   589;   294

    41;   351;   696;   586;   283

    40;   355;   696;   575;   306

    55;   352;   733;   575;   281

    47;   343;   733;   573;   306

    51;   344;   745;   570;   295

    42;   326;   745;   568;   214

    39;   325;   758;   565;   318

    55;   314;   758;   564;   294

    48;   319;   751;   561;   303

    42;   309;   751;   559;   295

    44;   305;   693;   555;   305

    47;   310;   693;   553;   297

    47;   305;   790;   549;   323

    49;   297;   790;   547;   316

    38;   310;   681;   544;   297

    46;   297;   681;   543;   284

    45;   264;   707;   539;   289

    33;   302;   707;   538;   322

    55;   292;   666;   535;   309

    43;   283;   666;   533;   322

    28;   263;   723;   530;   298

    43;   323;   723;   530;   312

    45;   285;   677;   524;   309

    52;   265;   677;   522;   303

    36;   269;   666;   520;   325

    36;   274;   666;   518;   289

    48;   298;   652;   517;   299

    47;   257;   652;   515;   293

    46;   227;   651;   512;   274

    46;   242;   651;   512;   339

    42;   260;   625;   510;   350

    46;   239;   625;   508;   303

    48;   247;   622;   505;   313

    48;   232;   622;   504;   315

    39;   225;   543;   501;   298

    50;   234;   543;   501;   319

    54;   236;   586;   499;   306

    44;   223;   586;   498;   288

    46;   240;   568;   496;   280

    46;   217;   568;   496;   292

    44;   210;   542;   494;   303

    49;   235;   542;   492;   302

    47;   220;   517;   490;   273

    41;   237;   517;   490;   299

    53;   198;   535;   488;   298

    36;   216;   535;   487;   325

    59;   205;   888;   485;   343

    35;   231;   888;   486;   316

    54;   221;   931;   484;   308

    46;   227;   931;   485;   346

    47;   214;   931;   485;   331

    35;   227;   931;   478;   350

    50;   203;   920;   481;   325

    44;   202;   920;   482;   260

    42;   193;   930;   481;   313

    40;   229;   930;   482;   329

    40;   186;  1012;   482;   318

    47;   182;  1012;   483;   349

    28;   213;   903;   484;   315

    46;   217;   903;   485;   325

    41;   205;   941;   485;   339

    42;   195;   941;   486;   319

    48;   227;   969;   487;   331

    48;   214;   969;   487;   367

    47;   194;   905;   489;   327

    40;   186;   905;   489;   314

    51;   192;   890;   490;   355

    51;   208;   890;   492;   315

    41;   197;   919;   492;   308

    42;   198;   919;   494;   336

    42;   204;   963;   495;   350

    42;   174;   963;   497;   274

    51;   198;   926;   498;   362

    41;   201;   926;   500;   314

    34;   164;  1143;   503;   319

    46;   174;  1143;   504;   356

    46;   175;  1102;   506;   303

    51;   189;  1102;   508;   318

    41;   170;  1161;   510;   368

    40;   195;  1161;   512;   363

    39;   184;  1168;   514;   333

    41;   184;  1168;   518;   340

    55;   162;  1182;   520;   313

    43;   199;  1182;   523;   335

    47;   169;  1158;   525;   349

    49;   171;  1158;   526;   319

    45;   157;  1010;   529;   304

    45;   172;  1010;   532;   339

    41;   171;  1059;   534;   345

    36;   203;  1059;   537;   328

    49;   179;  1049;   539;   305

    49;   161;  1049;   542;   335

    45;   172;   996;   545;   321

    38;   180;   996;   548;   305

    60;   183;   928;   552;   323

    42;   194;   928;   554;   336

    47;   139;   825;   557;   355

    38;   188;   825;   558;   315

    51;   164;   979;   562;   338

    42;   180;   979;   564;   342

    44;   164;   982;   567;   350

    47;   184;   982;   567;   309

    38;   158;   975;   574;   325

    52;   160;   975;   579;   370

    44;   152;   961;   581;   323

    45;   186;   961;   584;   362

    46;   161;   965;   586;   321

    57;   158;   965;   589;   328

    42;   176;   983;   592;   343

    42;   149;   983;   594;   347

    48;   151;   931;   596;   318

    43;   155;   931;   599;   330

    41;   154;   950;   602;   332

    48;   162;   950;   605;   353

    52;   181;   874;   607;   311

    36;   152;   874;   610;   355

    55;   167;   931;   612;   335

    52;   179;   931;   614;   285

    52;   162;   959;   618;   347

    49;   162;   959;   619;   356

    42;   162;   926;   622;   306

    55;   166;   926;   625;   330

    53;   146;   901;   629;   363

    54;   153;   901;   631;   335

    52;   164;   955;   634;   341

    51;   158;   955;   636;   346

    53;   166;   942;   639;   338

    39;   162;   942;   641;   370

    43;   154;   915;   643;   331

    51;   164;   915;   645;   330

    34;   152;   904;   648;   318

    48;   150;   904;   651;   362

    37;   143;   800;   653;   309

    41;   149;   800;   656;   362

    48;   164;   861;   658;   339

    57;   139;   861;   660;   320

    27;   140;   854;   663;   320

    47;   144;   854;   665;   355

    37;   150;   892;   667;   338

    37;   149;   892;   669;   336

    45;   127;   799;   671;   300

    44;   159;   799;   674;   334

    46;   139;   793;   675;   315

    53;   155;   793;   678;   325

    57;   139;   873;   681;   368

    35;   149;   873;   684;   347

    50;   130;   799;   686;   313

    41;   133;   799;   689;   310

    43;   150;   792;   690;   327

    61;   149;   792;   694;   300

    56;   149;   746;   695;   347

    49;   133;   746;   693;   308

    45;   126;   704;   700;   331

    47;   156;   704;   702;   308

    53;   145;   694;   706;   336

    49;   163;   694;   708;   316

    36;   151;   670;   709;   320

    48;   160;   670;   711;   322

    50;   131;   646;   713;   251

    41;   138;   646;   716;   313

    42;   148;   692;   717;   328

    57;   133;   692;   719;   331

    53;   128;   594;   721;   333

    46;   169;   594;   723;   358

    52;   148;   599;   724;   286

    56;   134;   599;   725;   302

    58;   152;   656;   727;   315

    50;   136;   656;   727;   305

    54;   161;   671;   728;   309

    49;   132;   671;   729;   288

    51;   139;   765;   729;   300

    46;   127;   765;   730;   302

    54;   155;   699;   730;   333

    43;   154;   699;   731;   293

    58;   147;   838;   731;   347

    49;   143;   838;   732;   300

    45;   135;   750;   731;   297

    49;   142;   750;   732;   294

    45;   141;   793;   731;   274

    51;   161;   793;   731;   298

    39;   130;   854;   731;   313

    42;   142;   854;   730;   299

    57;   124;   763;   729;   306

    48;   156;   763;   728;   288

    45;   137;   763;   727;   284

    48;   138;   763;   727;   277

    45;   138;   757;   726;   297

    56;   129;   757;   726;   325

    50;   131;   766;   724;   298

    49;   165;   766;   724;   308

    54;   122;   836;   722;   235

    61;   132;   836;   722;   298

    44;   132;   808;   719;   327

    48;   138;   808;   719;   305

    66;   155;   836;   717;   306

    48;   141;   836;   716;   316

    61;   143;   846;   713;   302

    60;   140;   846;   713;   320

    64;   148;   894;   711;   281

    62;   121;   894;   709;   302

    63;   116;   916;   707;   295

    35;   156;   916;   697;   309

    69;   165;   905;   698;   291

    68;   146;   905;   696;   293

    42;   140;   906;   694;   306

    61;   158;   906;   693;   316

    66;   141;   883;   689;   268

    59;   162;   883;   688;   298

    49;   152;   971;   684;   294

    53;   142;   971;   682;   306

    57;   130;   866;   679;   294

    69;   116;   866;   678;   283

    65;   162;   811;   673;   240

    53;   121;   811;   672;   282

    61;   126;   870;   669;   282

    60;   137;   870;   667;   317

    59;   123;   818;   664;   299

    60;   128;   818;   662;   309

    62;   151;   887;   658;   308

    57;   153;   887;   658;   301

    63;   156;   868;   656;   323

    56;   160;   868;   653;   305

    56;   145;   857;   649;   310

    63;   132;   857;   647;   305

    60;   143;   867;   644;   298

    60;   134;   867;   642;   294

    54;   128;   926;   639;   274

    66;   135;   926;   638;   292

    61;   142;   880;   634;   296

    71;   134;   880;   633;   306

    60;   147;   882;   630;   312

    72;   154;   882;   628;   294

    73;   155;   850;   624;   289

    53;   146;   850;   621;   288

    52;   141;   891;   618;   297

    52;   151;   891;   616;   310

    71;   151;   878;   613;   320

    64;   150;   878;   610;   290

    61;   131;   858;   607;   297

    66;   147;   858;   605;   319

    52;   158;   907;   602;   303

    70;   154;   907;   600;   303

    58;   143;   777;   597;   295

    62;   147;   777;   595;   288

    59;   157;   818;   591;   278

    75;   167;   818;   589;   300

    75;   136;   772;   586;   291

    47;   151;   772;   584;   316

    72;   148;   834;   581;   321

    60;   134;   834;   579;   317

    75;   155;   810;   575;   300

    58;   151;   810;   564;   307

    61;   137;   775;   564;   299

    59;   137;   775;   564;   316

    50;   155;   745;   560;   302

    73;   144;   745;   559;   309

    75;   145;   703;   556;   294

    65;   164;   703;   554;   304

    71;   141;   722;   550;   322

    48;   148;   722;   549;   277

    60;   133;   691;   545;   283

    55;   158;   691;   544;   318

    62;   117;   690;   540;   294

    54;   138;   690;   538;   335

    73;   146;   610;   535;   307

    71;   146;   610;   534;   356

    55;   158;   596;   532;   287

    71;   133;   596;   530;   331

    58;   146;   602;   527;   313

    70;   174;   602;   526;   347

    74;   142;   586;   523;   328

    73;   156;   586;   521;   330

    74;   156;   560;   518;   290

    64;   134;   560;   517;   313

    87;   130;   926;   514;   310

    73;   140;   926;   514;   335

    95;   144;   897;   511;   290

    60;   149;   897;   510;   291

    73;   171;   952;   508;   307

    82;   167;   952;   507;   349

    80;   136;   973;   506;   340

    61;   150;   973;   505;   339

    70;   137;   926;   502;   324

    75;   162;   926;   500;   353

    67;   164;   962;   499;   334

    80;   166;   962;   498;   300

    81;   133;   888;   498;   321

    82;   146;   888;   497;   359

    86;   159;   856;   496;   337

    90;   154;   856;   496;   358

    80;   127;   815;   493;   320

    77;   171;   815;   492;   324

    80;   130;   866;   490;   334

    64;   139;   866;   490;   333

    94;   150;   871;   489;   318

    85;   149;   871;   489;   340

    62;   124;   920;   487;   320

    89;   137;   920;   487;   344

    69;   169;   882;   487;   352

    84;   153;   882;   486;   320

    82;   157;   836;   486;   337

    86;   165;   836;   480;   301

    87;   159;   825;   484;   342

    73;   178;   825;   484;   330

    85;   148;   849;   485;   354

   111;   169;   849;   485;   349

    72;   157;   782;   486;   361

    79;   170;   782;   487;   329

    91;   170;   811;   488;   336

    80;   166;   811;   487;   284

    99;   150;   794;   488;   357

   100;   169;   794;   489;   377

   105;   158;   822;   489;   335

    90;   155;   822;   490;   363

    97;   174;  1059;   490;   375

    96;   147;  1059;   491;   340

    98;   158;  1058;   493;   321

   100;   168;  1058;   495;   345

    86;   139;  1052;   497;   371

   102;   182;  1052;   498;   320

    85;   170;   989;   499;   328

    96;   144;   989;   501;   300

    92;   168;   955;   503;   331

   119;   180;   955;   505;   325

    98;   154;   926;   506;   336

    81;   165;   926;   508;   307

    98;   162;   987;   510;   344

   102;   175;   987;   511;   355

    82;   169;   969;   514;   359

   101;   134;   969;   516;   345

   103;   155;   926;   518;   328

   104;   164;   926;   520;   351

   108;   157;   922;   522;   328

   120;   168;   922;   523;   334

   110;   162;  1107;   525;   346

   107;   159;  1107;   528;   339

   102;   177;  1085;   530;   334

   103;   164;  1085;   532;   311

    94;   177;  1081;   535;   361

   118;   152;  1081;   537;   399

   123;   190;  1159;   539;   367

   122;   213;  1159;   541;   351

   102;   183;  1106;   544;   337

   120;   165;  1106;   546;   344

   123;   150;  1132;   547;   317

   115;   159;  1132;   550;   363

   102;   161;  1098;   552;   315

   107;   176;  1098;   554;   331

   110;   180;   981;   556;   306

   136;   172;   981;   559;   344

   108;   177;  1014;   562;   377

   117;   175;  1014;   560;   359

   122;   177;  1038;   567;   317

   139;   190;  1038;   570;   367

   123;   151;  1020;   571;   310

   151;   177;  1020;   573;   353

   128;   183;  1033;   575;   305

   119;   171;  1033;   577;   352

   116;   181;  1037;   579;   335

   115;   169;  1037;   581;   345

   114;   194;  1060;   584;   332

   120;   184;  1060;   585;   347

   156;   204;  1079;   587;   328

   138;   193;  1079;   589;   305

   134;   161;  1062;   590;   308

   129;   209;  1062;   593;   376

   140;   203;  1018;   593;   317

   153;   169;  1018;   595;   352

   154;   193;  1057;   597;   314

   141;   205;  1057;   599;   359

   150;   198;  1000;   601;   328

   157;   180;  1000;   603;   335

   144;   198;  1038;   606;   307

   141;   189;  1038;   607;   325

   148;   167;  1027;   610;   350

   149;   188;  1027;   611;   362

   140;   170;  1011;   613;   321

   147;   191;  1011;   615;   324

   175;   170;  1050;   616;   344

   154;   165;  1050;   618;   348

   159;   212;  1125;   619;   334

   163;   182;  1125;   621;   333

   176;   208;  1093;   625;   283

   169;   172;  1093;   627;   318

   163;   191;  1068;   629;   308

   172;   185;  1068;   631;   304

   174;   198;  1015;   632;   356

   163;   179;  1015;   633;   353

   179;   209;  1030;   635;   348

   175;   219;  1030;   637;   324

   184;   209;  1030;   639;   310

   196;   175;  1030;   642;   340

   174;   218;   994;   644;   316

   181;   180;   994;   647;   279

   181;   182;  1012;   649;   345

   188;   225;  1012;   650;   316

   193;   225;   990;   651;   293

   188;   200;   990;   653;   390

   164;   212;   994;   654;   360

   199;   185;   994;   654;   313

   203;   201;   939;   655;   313

   185;   197;   939;   651;   314

   186;   203;   866;   657;   262

   216;   198;   866;   657;   330

   201;   195;   943;   659;   329

   210;   223;   943;   660;   318

   208;   183;   854;   660;   232

   228;   186;   854;   659;   276

   210;   212;   966;   658;   301

   202;   201;   966;   659;   347

   208;   222;   956;   658;   320

   231;   234;   956;   658;   348

   227;   190;   941;   657;   304

   228;   208;   941;   657;   311

   225;   226;  1014;   656;   312

   236;   242;  1014;   655;   274

   219;   239;   986;   654;   300

   245;   215;   986;   653;   342

   265;   229;  1035;   651;   302

   229;   236;  1035;   650;   291

   241;   233;  1032;   648;   318

   241;   244;  1032;   647;   296

   246;   225;  1082;   644;   282

   246;   252;  1082;   643;   336

   254;   257;  1016;   642;   313

   241;   244;  1016;   641;   284

   240;   217;   965;   639;   319

   235;   242;   965;   637;   280

   284;   211;   980;   634;   286

   250;   223;   980;   633;   307

   245;   225;   935;   630;   297

   260;   217;   935;   629;   319

   251;   212;   890;   624;   293

   234;   239;   890;   623;   313

   252;   236;   887;   620;   322

   248;   218;   887;   618;   321

   263;   239;   872;   615;   303

   237;   205;   872;   612;   283

   272;   235;   844;   609;   275

   285;   274;   844;   606;   314

   246;   280;   778;   603;   278

   251;   238;   778;   601;   274

   304;   264;   778;   596;   326

   274;   237;   778;   593;   310

   272;   276;   756;   591;   335

   304;   261;   756;   588;   281

   252;   226;   773;   584;   328

   275;   267;   773;   582;   301

   267;   264;   744;   578;   279

   268;   254;   744;   576;   262

   281;   251;   652;   573;   322

   268;   264;   652;   561;   284

   287;   254;   738;   559;   329

   265;   240;   738;   557;   310

   294;   286;   668;   553;   299

   270;   252;   668;   550;   323

   262;   264;   719;   547;   337

   293;   277;   719;   544;   284

   254;   264;   741;   539;   307

   258;   259;   741;   537;   248

   267;   266;   720;   533;   271

   257;   266;   720;   528;   298

   266;   298;   895;   523;   291

   275;   287;   895;   521;   286

   269;   296;   960;   518;   289

   262;   275;   960;   516;   261

   282;   312;   918;   511;   294

   272;   278;   918;   510;   294

   281;   262;   988;   507;   314

   253;   306;   988;   504;   292

   265;   248;   983;   500;   301

   260;   305;   983;   497;   322

   257;   314;   990;   492;   319

   261;   291;   990;   489;   287

   256;   253;   984;   485;   299

   253;   278;   984;   483;   304

   268;   283;   977;   479;   265

   264;   271;   977;   477;   281

   264;   314;   957;   474;   318

   252;   288;   957;   471;   259

   252;   264;   999;   468;   292

   258;   287;   999;   466;   326

   279;   294;  1058;   460;   335

   246;   295;  1058;   459;   280

   239;   254;   992;   455;   307

   243;   283;   992;   453;   305

   252;   306;  1045;   450;   324

   272;   304;  1045;   448;   325

   226;   308;  1103;   445;   299

   211;   275;  1103;   442;   308

   215;   287;   986;   439;   326

   213;   300;   986;   437;   314

   221;   291;   993;   431;   256

   227;   324;   993;   431;   294

   231;   294;   988;   427;   316

   201;   319;   988;   425;   331

   208;   317;   956;   422;   328

   204;   338;   956;   418;   315

   235;   308;  1006;   416;   305

   206;   282;  1006;   413;   318

   204;   318;  1143;   411;   300

   227;   360;  1143;  1962;   277

   215;   357;  1037;  1940;   324

   228;   271;  1037;  1936;   327

   218;   345;  1013;  1929;   308

   201;   370;  1013;  1927;   305

   209;   322;   985;  1923;   304

   224;   326;   985;  1920;   306

   194;   304;   892;  1917;   352

   192;   287;   892;  1916;   325

   211;   327;   946;  1910;   322

   203;   353;   946;  1909;   302

   187;   346;   999;  1904;   341

   183;   319;   999;  1903;   343

   188;   333;   988;  1900;   343

   202;   356;   988;  1898;   328

   178;   333;   954;  1895;   298

   174;   350;   954;  1894;   334

   188;   322;  1014;  1891;   296

   167;   340;  1014;  1891;   359

   172;   351;   900;  1888;   300

   162;   347;   900;  1889;   316

   175;   338;   849;  1886;   305

   158;   355;   849;  1886;   323

   161;   348;   925;  1883;   308

   180;   339;   925;  1884;   324

   188;   348;   963;  1881;   357

   128;   357;   963;  1881;   344

   166;   322;   917;  1880;   297

   160;   321;   917;  1879;   350

   177;   405;   933;  1878;   320

   142;   342;   933;  1878;   356

   151;   389;   905;  1876;   333

   154;   365;   905;  1877;   330

   139;   361;   939;  1876;   331

   138;   347;   939;  1877;   348

   132;   351;   867;  1877;   293

   173;   384;   867;  1878;   308

   160;   358;   904;  1878;   309

   129;   384;   904;  1878;   337

   120;   402;   968;  1879;   347

   123;   405;   968;  1880;   354

   137;   333;   921;  1880;   384

   136;   349;   921;  1882;   342

   141;   395;   912;  1883;   340

   117;   371;   912;  1885;   348

   155;   373;   925;  1886;   341

   135;   352;   925;  1888;   341

   107;   404;   911;  1889;   352

   140;   439;   911;  1892;   351

   102;   392;   958;  1892;   337

   143;   409;   958;  1909;   336

   130;   370;   939;  1903;   331

   116;   392;   939;  1904;   312

   135;   434;   912;  1906;   344

   128;   406;   912;  1908;   320

   110;   434;   858;  1911;   313

   129;   382;   858;  1912;   352

   116;   386;   849;  1913;   339

   108;   452;   849;  1917;   381

   105;   419;   865;  1918;   365

   122;   425;   865;  1921;   344

   106;   443;   888;  1923;   317

   100;   427;   888;  1926;   325

   115;   455;   851;  1929;   322

   119;   478;   851;  1931;   337

   110;   425;   828;  1934;   341

   121;   427;   828;  1938;   374

   127;   495;   822;  1940;   360

   109;   499;   822;  1943;   322

   132;   466;   801;  1945;   359

    92;   463;   801;  1947;   339

   106;   519;   780;  1950;   329

   113;   489;   780;  1954;   349

    99;   488;   799;  1958;   340

   106;   503;   799;  1960;   303

    99;   461;   752;  1963;   364

    96;   494;   752;  1967;   311

    95;   471;   813;  1968;   384

   108;   508;   813;  1970;   339

    95;   456;   819;  1973;   355

   105;   481;   819;  1977;   335

    97;   458;   803;  1980;   311

   101;   490;   803;  1983;   352

    98;   519;   875;  1986;   335

   113;   521;   875;  1989;   344

    93;   490;   797;  1992;   345

    91;   607;   797;  1995;   307

    96;   543;   716;  1999;   392

    82;   542;   716;  2002;   364

   106;   520;   711;  2004;   299

    91;   522;   711;  2008;   385

   106;   559;   740;  2011;   318

   101;   593;   740;  2014;   352

    67;   573;   752;   470;   329

    84;   571;   752;   480;   360

    83;   535;   821;   488;   352

    87;   597;   821;   492;   325

    79;   618;   804;   498;   375

    80;   556;   804;   503;   326

    71;   575;   768;   507;   365

    85;   604;   768;   510;   335

    90;   571;   681;   519;   333

    82;   623;   681;   523;   348

    72;   660;   631;   527;   335

    87;   564;   631;   531;   318

    94;   596;   835;   535;   352

    68;   640;   835;   538;   366

    70;   662;   926;   542;   322

    84;   608;   926;   545;   329

    60;   651;   907;   550;   325

    80;   593;   907;   553;   341

    63;   709;   782;   558;   328

    73;   673;   782;   561;   300

    84;   754;   946;   565;   338

    86;   637;   946;   567;   357

    69;   648;   943;   570;   297

    72;   709;   943;   573;   343

    78;   700;   903;   577;   328

    80;   697;   903;   580;   340

    68;   699;   998;   584;   338

    66;   681;   998;   587;   353

    73;   758;  1004;   591;   283

    78;   757;  1004;   594;   331

    71;   743;  1029;   597;   343

    64;   767;  1029;   599;   324

    63;   775;   954;   602;   360

    76;   743;   954;   604;   336

    60;   830;   991;   607;   358

    92;   730;   991;   611;   302

    59;   764;  1008;   614;   345

    74;   864;  1008;   617;   386

    71;   741;  1030;   622;   365

    64;   866;  1030;   624;   302

    56;   723;   996;   627;   294

    73;   781;   996;   631;   358

    70;   894;   997;   634;   350

    84;   801;   997;   635;   314

    85;   873;   935;   638;   299

    69;   847;   935;   640;   335

    58;   859;   911;   642;   350

    70;   952;   911;   643;   362

    68;   869;   913;   646;   355

    57;   969;   913;   648;   309

    71;   891;   958;   649;   326

    73;   941;   958;   651;   339

    68;   930;   902;   652;   320

    57;  1029;   902;   653;   330

    45;   969;   911;   653;   340

    59;   937;   911;   654;   337

    67;  1028;   843;   654;   332

    69;  1033;   843;   648;   329

    68;  1093;   892;   652;   291

    62;  1006;   892;   652;   331

    68;  1104;   902;   651;   300

    67;  1048;   902;   652;   297

    59;  1137;   860;   650;   329

    51;  1096;   860;   649;   339

    61;  1061;   948;   647;   323

    55;  1126;   948;   647;   328

    53;  1208;   978;   645;   314

    55;  1167;   978;   644;   316

    72;  1236;   901;   641;   333

    62;  1064;   901;   640;   332

    48;  1206;   934;   637;   302

    44;  1146;   934;   635;   321

    54;  1249;   880;   633;   300

    59;  1248;   880;   631;   311

    46;  1219;   909;   627;   269

    71;  1178;   909;   626;   306

    54;  1282;   915;   622;   306

    72;  1364;   915;   620;   304

    46;  1369;  1040;   617;   315

    63;  1194;  1040;   614;   246

    50;  1418;  1060;   612;   310

    64;  1522;  1060;   609;   311

    52;  1371;   993;   605;   304

    50;  1394;   993;   603;   357

    59;  1515;   996;   599;   287

    57;  1483;   996;   596;   285

    56;  1483;   953;   592;   288

    55;  1639;   953;   590;   307

    54;  1443;  1030;   585;   287

    59;  1482;  1030;   582;   332

    39;  1655;  1048;   579;   278

    61;  1630;  1048;   576;   322

    54;  1744;  1014;   574;   303

    55;  1634;  1014;   571;   330

    56;  1659;  1081;   568;   316

    69;  1734;  1081;   564;   303

    51;  1724;  1024;   562;   331

    59;  1964;  1024;   559;   345

    51;  1673;   968;   554;   325

    47;  1901;   968;   552;   287

    67;  1979;   896;   550;   277

    51;  1977;   896;   548;   313

    62;  1901;   938;   545;   269

    52;  1969;   938;   543;   289

    45;  1968;   987;   540;   286

    53;  2052;   987;   538;   318

    48;  2009;   906;   535;   303

    54;  2321;   906;   526;   322

    58;  2011;   989;   525;   281

    57;  2295;   989;   524;   346

    52;  2313;   910;   523;   317

    50;  2464;   910;   521;   249

    46;  2367;   944;   518;   284

    64;  2374;   944;   517;   293

    46;  2524;   942;   514;   334

    38;  2565;   942;   512;   315

    57;  2704;  1059;   510;   289

    66;  2474;  1059;   508;   294

    53;  2681;  1086;   503;   320

    62;  2850;  1086;   502;   337

    53;  2859;  1024;   499;   307

    39;  2950;  1024;   498;   281

    43;  2834;   995;   495;   311

    53;  2997;   995;   493;   310

    56;  3103;  1094;   491;   312

    57;  3137;  1094;   488;   295

    39;  3423;  1060;   485;   304

    56;  2919;  1060;   483;   321

    49;  3376;  1087;   479;   311

    50;  3536;  1087;   476;   297

    53;  3710;  1069;   473;   285

    50;  3713;  1069;   472;   308

    51;  3730;   982;   467;   267

    51;  3796;   982;   466;   318

    60;  4169;  1026;   464;   341

    49;  4235;  1026;   460;   318

    55;  4267;  1105;   457;   298

    42;  3968;  1105;   456;   340

    49;  4437;   983;   452;   301

    51;  4700;   983;   449;   334

    55;  4685;  1045;   446;   295

    44;  4449;  1045;   443;   338

    42;  4895;  1034;   440;   300

    40;  4982;  1034;   439;   323

    53;  5106;  1006;   436;   321

    49;  5566;  1006;   435;   334

    36;  5166;   956;   431;   282

    52;  5675;   956;   430;   304

    50;  6016;   962;   427;   325

    44;  6293;   962;   426;   335

    34;  6597;   943;   423;   337

    39;  6103;   943;   422;   307

    42;  6616;   959;   419;   331

    51;  7234;   959;   418;   296

    41;  7086;   966;   416;   311

    34;  8128;   966;   415;   314

    37;  7236;   956;   413;   330

    51;  8187;   956;  1967;   205

    48;  8630;   740;  1946;   346

    49;  8797;   740;  1944;   321

    43;  8919;   852;  1938;   278

    46;  9583;   852;  1937;   336

    43;  9627;   915;  1933;   326

    37;  9934;   915;  1932;   343

    46; 10726;   843;  1929;   326

    34; 11879;   843;  1928;   342

    49; 11214;   895;  1924;   337

    49; 12190;   895;  1923;   313

    47; 13480;   733;  1919;   295

    45; 14473;   733;  1917;   321

    38; 13985;   835;  1915;   296

    42; 15015;   835;  1914;   327

    38; 16298;   759;  1911;   328

    49; 16734;   759;  1909;   322

    50; 19284;   744;  1906;   339

    44; 17481;   744;  1905;   302

    50; 18547;   751;  1903;   325

    52; 20412;   751;  1902;   353

    40; 22006;   773;  1898;   320

    50; 23577;   773;  1899;   357

    34; 24608;   740;  1895;   300

    51; 26112;   740;  1896;   334

    47; 29240;   698;  1894;   320

    47; 30186;   698;  1894;   309

    53; 35245;   669;  1891;   365

    41; 32421;   669;  1890;   344

    39; 38676;   694;  1889;   332

    42; 42404;   694;  1889;   366

    45; 47406;   727;  1886;   339

    50; 48352;   727;  1888;   327

    29; 52927;   668;  1887;   302

    47; 59772;   668;  1888;   358

    38; 67925;   647;  1887;   360

    50; 72196;   647;  1887;   353

    52; 76557;   627;  1886;   342

    42; 75907;   627;  1885;   315

    34; 89656;  1000;  1886;   383

    45;102622;  1000;  1887;   352

    50;109080;   979;  1887;   326

    46;115752;   979;  1889;   327

    40;128841;   983;  1889;   339

    39;137883;   983;  1891;   328

    57;146059;   981;  1892;   363

    36;163177;   981;  1894;   378

    36;156756;   977;  1894;   357

    46;163917;   977;  1896;   322

    54;175262;   978;  1895;   328

    39;184029;   978;  1910;   351

    41;184725;  1007;  1904;   340

    40;176024;  1007;  1904;   382

    46;175305;   925;  1906;   328

    37;179121;   925;  1909;   315

    45;168886;   995;  1910;   330

    57;170283;   995;  1913;   346

    59;142649;   930;  1914;   356

    44;148158;   930;  1916;   366

    47;145541;   893;  1918;   296

    50;135284;   893;  1920;   335

    38;117855;   983;  1922;   340

    44;116706;   983;  1924;   337

    50;103638;   999;  1926;   316

    41; 96849;   999;  1929;   312

    52; 90904;   925;  1931;   315

    47; 83801;   925;  1934;   365

    52; 71504;   902;  1937;   341

    40; 70579;   902;  1939;   347

    45; 64558;   820;  1941;   346

    44; 60885;   820;  1944;   312

    29; 52877;   879;  1947;   315

    41; 50589;   879;  1949;   335

    37; 47945;   822;  1952;   343

    52; 42811;   822;  1956;   374

    41; 41538;   897;  1957;   358

    39; 34612;   897;  1961;   357

    31; 33368;   859;  1963;   365

    37; 33334;   859;  1967;   370

    36; 30108;   959;  1968;   323

    44; 27592;   959;  1972;   342

    50; 27579;   883;  1975;   349

    49; 25031;   883;  1978;   344

    40; 23477;   864;  1980;   313

    45; 21939;   864;  1983;   337

    41; 22372;   777;  1985;   359

    49; 17792;   777;  1989;   335

    36; 19038;   829;  1992;   368

    38; 18084;   829;  1995;   365

    35; 17154;   778;  1997;   351

    37; 15502;   778;  2001;   385

    37; 14770;   854;  2004;   340

    47; 14668;   854;  2008;   375

    40; 13984;   880;  2009;   346

    40; 13569;   880;  2012;   325

    41; 12720;   864;  2015;   358

    34; 11145;   864;   470;   330

    34; 11882;   970;   483;   339

    49; 11651;   970;   490;   342

    47; 10560;   974;   495;   394

    34;  9830;   974;   498;   353

    42;  9901;   910;   506;   333

    65;  9212;   910;   510;   344

    31;  8868;   894;   513;   349

    27;  9261;   894;   516;   327

    50;  7487;   944;   519;   385

    44;  8107;   944;   521;   351

    35;  8020;   872;   524;   338

    44;  7625;   872;   528;   332

    38;  7458;   948;   530;   369

    32;  6829;   948;   533;   360

    43;  6875;   788;   537;   373

    42;  6856;   788;   539;   329

    52;  6228;   819;   541;   376

    32;  6388;   819;   543;   309

    33;  5458;   935;   545;   344

    47;  5835;   935;   549;   324

    36;  5949;   873;   551;   327

    45;  5517;   873;   554;   343

    31;  5076;   950;   557;   323

    41;  5328;   950;   560;   357

    31;  4900;   909;   563;   312

    45;  4846;   909;   565;   346

    55;  4731;   901;   568;   371

    35;  4454;   901;   570;   348

    33;  4298;   903;   572;   350

    43;  4277;   903;   574;   313

    37;  4442;   868;   576;   350

    38;  4492;   868;   577;   309

    31;  3904;   851;   579;   306

    39;  3813;   851;   581;   352

    33;  3993;   789;   584;   321

    35;  3755;   789;   586;   365

    36;  4064;   786;   588;   333

    37;  3313;   786;   589;   297

    27;  3399;   823;   590;   333

    53;  3514;   823;   591;   347

    36;  3386;   784;   592;   341

    35;  3326;   784;   593;   349

    37;  3207;   805;   594;   330

    36;  3109;   805;   595;   332

    40;  3142;   862;   596;   314

    47;  2941;   862;   597;   347

    38;  3032;   774;   597;   331

    38;  2622;   774;   597;   330

    34;  2801;   788;   597;   360

    34;  2730;   788;   597;   317

    36;  2897;   697;   596;   279

    36;  2478;   697;   596;   330

    41;  2495;   817;   596;   315

    32;  2640;   817;   588;   293

    36;  2483;   749;   592;   301

    49;  2440;   749;   592;   304

    48;  2302;   827;   592;   322

    42;  2179;   827;   591;   289

    34;  2322;   869;   590;   319

    41;  2319;   869;   589;   278

    40;  2092;   810;   588;   302

    47;  2084;   810;   587;   320

    41;  2165;   826;   584;   309

    41;  2184;   826;   584;   304

    41;  2056;   776;   581;   265

    33;  2166;   776;   581;   269

    44;  1824;   767;   579;   283

    32;  1990;   767;   578;   293

    38;  1929;   812;   575;   343

    42;  1952;   812;   575;   311

    39;  1986;   744;   571;   287

    37;  1716;   744;   570;   274

    39;  1695;   765;   568;   300

    40;  1814;   765;   565;   280

    42;  1775;   802;   563;   338

    43;  1854;   802;   560;   293

    44;  1460;   792;   558;   304

    39;  1688;   792;   555;   308

    30;  1701;   770;   552;   307

    34;  1671;   770;   551;   301

    36;  1478;   736;   546;   263

    34;  1516;   736;   545;   317

    44;  1538;   691;   541;   335

    46;  1543;   691;   539;   324

    40;  1461;   665;   532;   280

    17;  1378;   665;   530;   257

    38;  1461;   662;   526;   291

    27;  1474;   662;   524;   283

    39;  1348;   594;   521;   283

    34;  1401;   594;   518;   294

    41;  1282;   600;   514;   285

    34;  1226;   600;   511;   310

    30;  1381;   595;   507;   300

    36;  1319;   595;   505;   296

    43;  1372;   572;   499;   291

    50;  1143;   572;   496;   327

    30;  1255;   583;   491;   339

    31;  1224;   583;   489;   291

    31;  1213;   535;   485;   331

    32;  1160;   535;   481;   296

    38;  1208;   518;   477;   308

    30;  1118;   518;   475;   316

    34;  1099;   472;   471;   308

    39;  1085;   472;   457;   318

    42;  1115;   473;   454;   300

    37;  1002;   473;   453;   275

    41;  1073;   531;   449;   319

    42;  1144;   531;   446;   293

    44;  1079;   544;   442;   316

    41;  1039;   544;   441;   308

    27;   998;   549;   437;   331

    42;  1091;   549;   435;   287

    35;   992;   491;   432;   301

    39;  1045;   491;   429;   269

    36;   971;   573;   425;   321

    32;   911;   573;   423;   285

    36;   979;   531;   420;   323

    40;  1024;   531;   418;   298

    45;   988;   607;   414;   340

    39;   916;   607;   412;   312

    37;   930;   601;   410;   356

    29;   897;   601;   406;   303

    39;   965;   877;   402;   308

    33;   918;   877;   399;   277

    37;   771;   895;   394;   311

    41;   943;   895;   391;   316

    40;   861;   972;   386;   303

    39;   836;   972;   384;   319

    48;   814;   976;   379;   300

    31;   815;   976;   377;   313

    28;   807;   943;   374;   309

    27;   850;   943;   372;   309

    53;   807;   899;   369;   296

    37;   770;   899;   368;   330

    42;   716;   876;   362;   282

    29;   788;   876;   361;   302

    32;   803;   818;   357;   328

    37;   766;   818;   355;   294

    39;   703;   860;   352;   328

    45;   769;   860;   350;   318

    32;   777;   828;   348;   307

    42;   729;   828;   347;   313

    26;   776;   812;   343;   303

    38;   662;   812;   342;   280

    34;   718;   858;   339;   313

    39;   697;   858;   338;   327

    29;   711;   812;   334;   315

    37;   733;   812;   332;   284

    40;   673;   843;   330;   318

    37;   669;   843;   329;   343

    40;   687;   737;   326;   298

    36;   648;   737;   325;   286

    29;   691;   844;   323;   335

    37;   575;   844;  1873;   337

    39;   658;   700;  1854;   328

    40;   695;   700;  1851;   288

    37;   659;   642;  1847;   335

    34;   620;   642;  1846;   330

    29;   624;   681;  1842;   331

    33;   575;   681;  1840;   325

    35;   623;   728;  1838;   352

    53;   607;   728;  1836;   363

    46;   600;   960;  1833;   338

    29;   523;   960;  1834;   366

    40;   558;  1012;  1830;   334

    28;   630;  1012;  1831;   361

    30;   591;  1009;  1827;   314

    40;   533;  1009;  1827;   363

    38;   560;   910;  1825;   312

    31;   602;   910;  1826;   355

    28;   589;   848;  1823;   309

    30;   602;   848;  1823;   337

    23;   512;   951;  1822;   308

    32;   518;   951;  1822;   335

    31;   553;   756;  1820;   357

    39;   567;   756;  1820;   357

    37;   576;   922;  1820;   354

    34;   499;   922;  1820;   384

    32;   501;   939;  1819;   308

    43;   484;   939;  1821;   320

    37;   518;   890;  1820;   353

    42;   586;   890;  1821;   342

    37;   433;   815;  1820;   338

    43;   487;   815;  1822;   369

    38;   555;   967;  1822;   344

    44;   476;   967;  1824;   328

    40;   494;   955;  1826;   346

    39;   448;   955;  1828;   336

    32;   460;   881;  1828;   333

    44;   499;   881;  1831;   358

    37;   472;   909;  1832;   344

    38;   472;   909;  1833;   358

    34;   422;   933;  1834;   303

    46;   495;   933;  1836;   342

    36;   508;   942;  1839;   338

    43;   460;   942;  1842;   326

    32;   459;   903;  1845;   357

    35;   414;   903;  1847;   331

    25;   460;   877;  1849;   326

    49;   477;   877;  1852;   342

    32;   452;   877;  1854;   323

    33;   428;   877;  1857;   348

    39;   421;   854;  1859;   373

    33;   414;   854;  1876;   310

    44;   466;   797;  1872;   381

    34;   455;   797;  1873;   353

    52;   417;   836;  1877;   341

    45;   425;   836;  1879;   339

    41;   444;   850;  1881;   367

    30;   431;   850;  1885;   361

    21;   453;   841;  1887;   388

    41;   425;   841;  1890;   331

    39;   449;   828;  1893;   334

    34;   419;   828;  1894;   333

    32;   406;   790;  1898;   358

    45;   394;   790;  1900;   332

    34;   405;   771;  1903;   343

    41;   371;   771;  1907;   339

    39;   378;   711;  1909;   379

    49;   364;   711;  1912;   336

    41;   442;   714;  1914;   337

    41;   356;   714;  1917;   341

    42;   374;   858;  1921;   348

    42;   397;   858;  1923;   354

    27;   409;   865;  1926;   342

    37;   362;   865;  1929;   344

    32;   369;   835;  1931;   346

    28;   392;   835;  1934;   403

    44;   357;   859;  1936;   339

    37;   389;   859;  1940;   324

    30;   308;   790;  1942;   332

    42;   346;   790;  1945;   327

    36;   367;   819;  1947;   344

    38;   383;   819;  1951;   402

    42;   379;   845;  1953;   371

    43;   364;   845;  1956;   377

    36;   318;   708;  1958;   296

    33;   358;   708;  1961;   331

    28;   324;   726;  1963;   361

    31;   350;   726;  1967;   360

    35;   274;   733;  1969;   317

    37;   366;   733;  1973;   350

    45;   350;   720;  1975;   358

    28;   362;   720;  1978;   312

    29;   338;   684;  1980;   345

    52;   309;   684;  1983;   338

    30;   349;   627;  1986;   303

    42;   352;   627;  1988;   306

    41;   345;   695;  1991;   355

    36;   324;   695;  1995;   347

    39;   325;   662;  1995;   351

    40;   352;   662;  2000;   319

    35;   337;   695;  2002;   362

    35;   330;   695;   465;   378

    30;   348;   757;   478;   330

    44;   304;   757;   482;   348

    35;   337;   779;   486;   320

    29;   334;   779;   489;   370

    31;   320;   733;   492;   331

    30;   262;   733;   495;   343

    29;   292;   811;   499;   302

    37;   281;   811;   501;   389

    33;   308;   825;   505;   332

    40;   362;   825;   508;   324

    35;   285;   817;   511;   322

    34;   294;   817;   513;   351

    28;   285;   836;   516;   308

    30;   328;   836;   519;   345

    35;   317;   784;   521;   335

    26;   253;   784;   523;   342

    32;   334;   739;   526;   369

    34;   289;   739;   528;   329

    37;   275;   818;   530;   349

    32;   290;   818;   531;   339

    33;   304;   751;   535;   364

    50;   296;   751;   537;   327

    32;   310;   723;   539;   353

    38;   273;   723;   541;   333

    37;   284;   729;   540;   310

    33;   261;   729;   543;   335

    33;   295;   746;   544;   329

    45;   281;   746;   545;   317

    44;   294;   716;   546;   301

    39;   265;   716;   548;   326

    34;   276;   784;   550;   324

    31;   297;   784;   551;   309

    43;   285;   827;   551;   345

    41;   303;   827;   552;   320

    33;   214;   813;   552;   329

    45;   251;   813;   553;   329

    41;   278;   853;   552;   320

    27;   249;   853;   552;   342

    44;   262;   800;   553;   307

    39;   250;   800;   553;   315

    31;   250;   853;   553;   305

    38;   284;   853;   554;   308

    40;   268;   831;   552;   328

    44;   241;   831;   552;   259

    26;   248;   828;   552;   333

    36;   249;   828;   551;   336

    35;   261;   807;   549;   316

    34;   268;   807;   550;   351

    23;   256;   836;   549;   302

    31;   231;   836;   542;   327

    32;   230;   839;   544;   305

    37;   248;   839;   544;   275

    29;   243;   860;   544;   303

    43;   265;   860;   543;   340

    33;   241;   818;   542;   291

    34;   248;   818;   541;   269

    32;   282;   782;   539;   304

    31;   268;   782;   538;   283

    40;   233;   851;   537;   288

    39;   233;   851;   536;   333

    21;   258;   810;   535;   299

    38;   247;   810;   534;   262

    35;   280;   786;   534;   286

    35;   213;   786;   532;   298

    32;   222;   749;   531;   287

    35;   263;   749;   530;   323

    36;   235;   797;   527;   295

    37;   227;   797;   526;   269

    33;   215;   649;   524;   322

    35;   263;   649;   522;   304

    47;   269;   623;   520;   335

    37;   228;   623;   519;   344

    40;   264;   677;   517;   320

    36;   224;   677;   513;   328

    31;   218;   628;   512;   291

    32;   245;   628;   511;   344

    34;   273;   616;   508;   299

    27;   245;   616;   505;   324

    42;   224;   584;   504;   300

    20;   227;   584;   501;   326

    39;   218;   585;   497;   282

    37;   211;   585;   496;   288

    49;   242;   549;   493;   274

    35;   194;   549;   491;   321

    30;   218;   550;   488;   297

    37;   194;   550;   487;   295

    26;   241;   562;   482;   297

    35;   242;   562;   480;   305

    39;   205;   545;   478;   305

    33;   243;   545;   474;   325

    49;   206;   546;   470;   292

    39;   226;   546;   467;   295

    49;   203;   496;   465;   304

    34;   244;   496;   463;   288

    27;   214;   493;   460;   287

    46;   219;   493;   459;   307

    33;   220;   553;   457;   280

    36;   229;   553;   455;   301

    28;   210;   504;   453;   322

    37;   209;   504;   441;   318

    38;   224;   561;   443;   313

    37;   228;   561;   442;   346

    29;   202;   559;   440;   302

    27;   207;   559;   439;   262

    28;   215;   554;   437;   299

    41;   218;   554;   434;   277

    28;   222;   550;   432;   329

    33;   193;   550;   431;   307

    28;   237;   512;   428;   310

    39;   198;   512;   427;   314

    42;   216;   527;   424;   341

    29;   227;   527;   422;   307

    37;   177;   477;   420;   331

    39;   212;   477;   418;   326

    32;   222;   550;   416;   311

    32;   210;   550;   415;   320

    31;   212;   504;   413;   271

    35;   203;   504;   411;   297

    52;   204;   496;   408;   294

    28;   211;   496;   407;   318

    33;   220;   487;   404;   300

    32;   210;   487;   402;   312

    30;   195;   479;   400;   299

    28;   239;   479;   399;   313

    32;   202;   470;   396;   312

    42;   203;   470;   394;   290

    33;   177;   472;   391;   288

    34;   207;   472;   390;   325

    43;   235;   720;   387;   293

    33;   208;   720;   385;   337

    26;   209;   723;   382;   305

    28;   192;   723;   380;   278

    37;   215;   670;   378;   309

    50;   216;   670;   376;   308

    37;   167;   666;   374;   310

    36;   200;   666;   373;   301

    32;   200;   680;   371;   294

    32;   195;   680;   370;   324

    27;   210;   668;   369;   314

    50;   207;   668;   367;   348

    35;   220;   692;   365;   341

    42;   176;   692;   365;   344

    37;   187;   690;   362;   315

    39;   195;   690;   361;   283

    39;   179;   676;   358;   336

    39;   192;   676;   358;   307

    39;   196;   626;   356;   347

    44;   214;   626;   355;   310

    33;   197;   612;   355;   348

    44;   227;   612;  1907;   317

    34;   198;   502;  1887;   340

    37;   187;   502;  1884;   321

    31;   208;   484;  1879;   320

    44;   179;   484;  1877;   289

    31;   209;   514;  1875;   301

    28;   174;   514;  1874;   323

    33;   197;   505;  1872;   330

    30;   180;   505;  1871;   314

    45;   201;   464;  1868;   294

    28;   188;   464;  1868;   351

    40;   191;   503;  1866;   334

    35;   201;   503;  1866;   326

    33;   220;   489;  1865;   365

    34;   201;   489;  1864;   313

    41;   181;   538;  1863;   338

    32;   194;   538;  1863;   342

    34;   205;   512;  1862;   359

    36;   216;   512;  1863;   309

    38;   189;   504;  1862;   321

    36;   182;   504;  1864;   374

    40;   196;   502;  1863;   306

    51;   175;   502;  1865;   349

    39;   199;   476;  1864;   337

    32;   167;   476;  1866;   324

    39;   208;   443;  1865;   337

    36;   203;   443;  1867;   334

    42;   208;   427;  1866;   332

    38;   217;   427;  1868;   345

    45;   198;   450;  1868;   255

    21;   183;   450;  1870;   355

    40;   204;   428;  1872;   330

    38;   187;   428;  1874;   363

    34;   201;   421;  1876;   276

    45;   202;   421;  1879;   323

    43;   191;   410;  1879;   367

    47;   194;   410;  1882;   346

    36;   221;   420;  1884;   351

    30;   194;   420;  1886;   344

    33;   189;   404;  1888;   378

    43;   182;   404;  1890;   372

    49;   208;   404;  1893;   350

    35;   202;   404;  1896;   328

    38;   176;   791;  1898;   275

    51;   180;   791;  1902;   327

    45;   215;   867;  1906;   369

    43;   213;   867;  1909;   364

    39;   192;   876;  1911;   302

    38;   210;   876;  1914;   350

    31;   190;   880;  1918;   372

    32;   181;   880;  1937;   337

    42;   215;   755;  1932;   312

    35;   200;   755;  1935;   334

    34;   222;   836;  1937;   353

    42;   184;   836;  1942;   332

    34;   206;   905;  1946;   365

    34;   217;   905;  1949;   284

    44;   205;   865;  1952;   310

    33;   183;   865;  1956;   320

    30;   183;   840;  1959;   317

    37;   224;   840;  1963;   312

    31;   200;   851;  1969;   350

    45;   196;   851;  1972;   329

    42;   223;   835;  1975;   292

    44;   220;   835;  1980;   341

    41;   201;   739;  1984;   349

    38;   217;   739;  1987;   323

    35;   216;   863;  1992;   337

    43;   198;   863;  1996;   358

    39;   194;   843;  1999;   338

    38;   234;   843;  2003;   357

    29;   212;   903;  2008;   368

    43;   207;   903;  2013;   367

    46;   202;   893;  2016;   367

    45;   196;   893;   470;   350

    35;   225;   902;   485;   307

    30;   233;   902;   492;   333

    30;   219;   951;   500;   319

    41;   202;   951;   506;   339

    47;   223;   983;   512;   339

    42;   213;   983;   516;   350

    43;   237;   905;   523;   358

    40;   246;   905;   527;   355

    25;   219;   830;   531;   313

    41;   219;   830;   536;   321

    43;   225;   931;   540;   357

    48;   211;   931;   544;   360

    43;   243;   900;   547;   353

    34;   203;   900;   552;   314

    41;   242;   953;   555;   227

    33;   232;   953;   560;   325

    37;   234;   963;   567;   315

    49;   239;   963;   570;   333

    36;   222;   903;   574;   369

    33;   258;   903;   577;   335

    43;   252;   939;   580;   337

    41;   219;   939;   584;   318

    37;   252;   988;   588;   343

    40;   271;   988;   592;   352

    46;   277;   900;   595;   362

    33;   235;   900;   597;   361

    46;   245;   920;   605;   312

    37;   255;   920;   609;   350

    33;   273;   902;   613;   344

    42;   254;   902;   616;   349

    35;   245;   943;   619;   347

    35;   257;   943;   623;   336

    33;   233;   909;   626;   334

    30;   264;   909;   630;   383

    35;   249;   851;   634;   310

    50;   223;   851;   638;   303

    47;   247;   910;   643;   355

    39;   290;   910;   645;   357

    43;   294;   892;   649;   338

    33;   255;   892;   653;   358

    46;   275;   859;   655;   343

    39;   275;   859;   658;   353

    38;   289;   885;   662;   320

    37;   258;   885;   664;   326

    40;   278;   871;   667;   329

    40;   291;   871;   670;   346

    39;   285;   835;   673;   335

    43;   303;   835;   676;   318

    40;   319;   857;   679;   277

    37;   318;   857;   681;   324

    35;   342;   894;   682;   317

    44;   314;   894;   685;   351

    33;   318;   895;   686;   311

    36;   352;   895;   687;   316

    38;   291;   963;   688;   317

    34;   275;   963;   690;   315

    41;   356;   948;   691;   330

    37;   289;   948;   692;   309

    39;   356;   952;   693;   326

    40;   352;   952;   693;   315

    39;   322;   896;   692;   336

    38;   338;   896;   693;   352

    35;   353;   855;   692;   316

    46;   337;   855;   692;   327

    42;   392;   989;   691;   247

    41;   367;   989;   692;   337

    34;   376;   876;   690;   313

    45;   364;   876;   690;   336

    46;   358;   985;   689;   291

    45;   398;   985;   687;   304

    42;   375;  1010;   687;   253

    31;   362;  1010;   685;   305

    47;   429;  1054;   683;   309

    38;   432;  1054;   682;   297

    51;   412;  1103;   681;   319

    45;   419;  1103;   672;   309

    43;   459;  1065;   675;   334

    51;   480;  1065;   674;   310

    37;   474;  1070;   673;   297

    36;   468;  1070;   671;   302

    42;   462;  1060;   670;   311

    41;   465;  1060;   668;   290

    42;   466;  1101;   667;   272

    44;   471;  1101;   665;   301

    48;   518;  1103;   663;   293

    51;   528;  1103;   661;   300

    39;   536;  1113;   657;   272

    47;   530;  1113;   657;   315

    49;   616;  1089;   654;   326

    36;   580;  1089;   652;   305

    34;   616;  1105;   650;   323

    55;   706;  1105;   648;   322

    59;   600;  1078;   645;   272

    51;   614;  1078;   644;   307

    53;   636;  1036;   641;   317

    38;   689;  1036;   639;   311

    52;   663;  1065;   635;   271

    52;   756;  1065;   633;   306

    38;   743;  1009;   630;   277

    39;   719;  1009;   629;   295

    41;   766;  1087;   626;   297

    50;   846;  1087;   624;   300

    68;   906;  1059;   621;   293

    69;   877;  1059;   620;   336

    45;   936;  1058;   615;   289

    51;   908;  1058;   615;   289

    47;   925;  1023;   610;   309

    68;  1060;  1023;   608;   318

    58;  1038;  1015;   604;   295

    57;  1050;  1015;   602;   312

    56;  1144;   930;   600;   302

    73;  1084;   930;   598;   314

    54;  1227;   943;   595;   310

    70;  1293;   943;   593;   305

    61;  1328;   970;   589;   263

    62;  1428;   970;   587;   317

    63;  1524;   969;   583;   267

    67;  1742;   969;   581;   271

    57;  1668;   959;   579;   312

    73;  1760;   959;   578;   315

    76;  1946;   951;   574;   302

    82;  2078;   951;   573;   288

    90;  2265;   965;   571;   305

    69;  2395;   965;   570;   320

    85;  2593;   945;   568;   327

    92;  2813;   945;   559;   304

    90;  3080;   964;   559;   321

    95;  3244;   964;   557;   301

    98;  3424;   854;   556;   315

    87;  3672;   854;   554;   290

   129;  3977;   873;   552;   299

    96;  4210;   873;   551;   321

   147;  4428;   891;   548;   316

   132;  4848;   891;   546;   311

   128;  5405;   892;   545;   307

   162;  5810;   892;   542;   341

   151;  6228;   827;   539;   294

   167;  6641;   827;   538;   286

   174;  7393;   827;   535;   310

   169;  8019;   827;   535;   285

   180;  8445;   834;   534;   288

   196;  8822;   834;   532;   325

   254;  9616;   848;   531;   299

   247; 10655;   848;   529;   284

   264; 11764;   785;   529;   313

   256; 12088;   785;   527;   328

   299; 12441;   797;   524;   286

   283; 13242;   797;   523;   295

   332; 14658;   743;   522;   315

   319; 15324;   743;   521;   336

   362; 16599;   748;   519;   340

   377; 17685;   748;   519;   350

   389; 18355;   738;   516;   344

   395; 18927;   738;   515;   335

   458; 20559;   728;   514;   282

   436; 21245;   728;   514;   296

   431; 22400;   693;   511;   273

   430; 22463;   693;   511;   285

   475; 22935;   726;   508;   331

   451; 23059;   726;   508;   310

   468; 23536;   707;   506;   301

   452; 23653;   707;   505;   332

   440; 22857;   706;   504;   303

   435; 22229;   706;   503;   306

   447; 20762;   672;   503;   328

   463; 19850;   672;   503;   309

   429; 18537;   633;   500;   332

   426; 16600;   633;   501;   328

   430; 15775;   643;   499;   321

   411; 14722;   643;   498;   343

   379; 13246;   623;   496;   307

   397; 12761;   623;   496;   352

   327; 11745;   607;   494;   347

   299; 10608;   607;   494;   297

   293;  9896;   602;   494;   344

   293;  8484;   602;   487;   295

   269;  7526;   586;   488;   321

   255;  7024;   586;   489;   313

   224;  6596;   609;   488;   341

   218;  6048;   609;   487;   343

   229;  5459;   609;   487;   335

   173;  5028;   609;   487;   312

   199;  4644;   587;   486;   317

   199;  4435;   587;   486;   358

   159;  4136;   517;   486;   342

   134;  3759;   517;   486;   334

   137;  3415;   522;   486;   337

   142;  3159;   522;   486;   345

   128;  3015;   468;   485;   341

   115;  2830;   468;   485;   337

    97;  2571;   488;   486;   318

   109;  2374;   488;   486;   350

   117;  2245;   460;   486;   347

   115;  2171;   460;   486;   379

    98;  2059;   457;   486;   323

   111;  1928;   457;   487;   357

    74;  1759;   403;   487;   325

    97;  1756;   403;   489;   366

    75;  1602;   437;   490;   326

    90;  1541;   437;   491;   303

    74;  1467;   461;   492;   338

    78;  1435;   461;   492;   361

    82;  1408;   466;   493;   351

    64;  1368;   466;   493;   349

    83;  1299;   802;   495;   355

    70;  1168;   802;   497;   336

    73;  1166;   842;   499;   315

    75;  1070;   842;   501;   280

    69;  1088;   834;   503;   360

    68;   979;   834;   504;   363

    59;   979;   847;   506;   369

    60;  1036;   847;   508;   376

    54;   936;   798;   510;   349

    64;   855;   798;   512;   316

    56;   894;   816;   514;   372

    58;   817;   816;   516;   341

    62;   815;   850;   519;   334

    59;   799;   850;   522;   340

    61;   757;   823;   524;   334

    56;   753;   823;   527;   356

    52;   748;   896;   529;   346

    67;   689;   896;   532;   374

    63;   629;   840;   534;   330

    53;   640;   840;   537;   336

    52;   640;  1053;   540;   350

    52;   589;  1053;   539;   337

    69;   629;  1035;   547;   346

    48;   544;  1035;   549;   344

    52;   592;  1043;   553;   351

    49;   554;  1043;   556;   353

    49;   556;  1067;   559;   353

    50;   552;  1067;   562;   382

    48;   504;   967;   563;   337

    45;   544;   967;   567;   330

    53;   469;   964;   568;   329

    46;   486;   964;   570;   312

    41;   451;  1002;   574;   331

    56;   478;  1002;   577;   357

    48;   477;   988;   580;   335

    63;   479;   988;   583;   321

    51;   435;   990;   584;   367

    44;   432;   990;   587;   357

    33;   407;  1020;   590;   341

    47;   416;  1020;   593;   347

    42;   400;  1015;   596;   328

    48;   401;  1015;   598;   338

    54;   410;   987;   601;   335

    36;   378;   987;   605;   371

    53;   372;   916;   607;   328

    42;   357;   916;   609;   329

    48;   345;   839;   612;   312

    46;   342;   839;   614;   331

    55;   381;   940;   619;   321

    52;   367;   940;   620;   315

    53;   320;   938;   622;   325

    52;   343;   938;   625;   350

    40;   343;   910;   629;   352

    51;   346;   910;   631;   311

    40;   314;   873;   633;   358

    36;   326;   873;   636;   343

    41;   330;   932;   639;   316

    35;   306;   932;   641;   319

    49;   344;   963;   644;   333

    46;   291;   963;   646;   351

    43;   323;   959;   649;   375

    47;   265;   959;   650;   338

    38;   278;   966;   653;   333

    56;   273;   966;   655;   367

    46;   271;   912;   657;   337

    33;   305;   912;   659;   376

    54;   300;   895;   661;   357

    36;   290;   895;   664;   338

    45;   294;   932;   666;   337

    43;   293;   932;   668;   337

    37;   252;   971;   670;   319

    47;   271;   971;   669;   336

    48;   312;   921;   675;   325

    53;   267;   921;   678;   345

    47;   261;   935;   680;   338

    49;   266;   935;   681;   317

    52;   262;   923;   683;   318

    64;   234;   923;   685;   311

    44;   252;   877;   686;   333

    42;   226;   877;   689;   344

    55;   235;   894;   690;   309

    46;   252;   894;   693;   344

    45;   245;   896;   693;   330

    40;   218;   896;   694;   382

    37;   245;   890;   695;   310

    43;   212;   890;   696;   344

    36;   249;   897;   698;   342

    50;   248;   897;   699;   297

    51;   237;   900;   699;   279

    45;   216;   900;   700;   335

    37;   205;   861;   700;   281

    44;   217;   861;   701;   304

    47;   225;   903;   701;   323

    43;   221;   903;   702;   314

    46;   216;   900;   701;   329

    34;   236;   900;   702;   303

    46;   202;   890;   700;   288

    47;   226;   890;   700;   312

    49;   184;   947;   700;   329

    33;   196;   947;   700;   305

    45;   209;   971;   699;   304

    43;   218;   971;   699;   346

    45;   186;   947;   697;   285

    49;   231;   947;   697;   311

    47;   182;   971;   695;   293

    43;   193;   971;   693;   359

    52;   189;   954;   693;   341

    43;   226;   954;   691;   330

    43;   198;   988;   690;   317

    31;   209;   988;   690;   316

    32;   204;  1017;   689;   290

    55;   203;  1017;   687;   292

    36;   196;   986;   686;   300

    51;   168;   986;   684;   291

    42;   175;  1029;   684;   288

    35;   199;  1029;   682;   312

    37;   170;   974;   681;   300

    47;   179;   974;   679;   282

    46;   192;   902;   676;   276

    50;   189;   902;   676;   310

    44;   185;   985;   673;   282

    49;   180;   985;   665;   275

    37;   174;  1062;   667;   325

    38;   189;  1062;   667;   320

    51;   173;  1012;   664;   285

    49;   182;  1012;   663;   322

    39;   179;   983;   659;   314

    49;   162;   983;   658;   309

    44;   163;  1066;   654;   311

    45;   176;  1066;   652;   283

    48;   173;  1030;   649;   299

    44;   188;  1030;   648;   290

    56;   184;   992;   644;   317

    54;   189;   992;   641;   293

    54;   160;  1039;   638;   281

    42;   168;  1039;   636;   304

    51;   164;  1002;   633;   282

    53;   145;  1002;   630;   302

    59;   166;  1055;   626;   316

    42;   160;  1055;   622;   301

    50;   167;   950;   618;   288

    39;   169;   950;   616;   291

    33;   171;   936;   610;   293

    44;   169;   936;   608;   290

    41;   154;   880;   603;   320

    42;   167;   880;   600;   290

    38;   169;   932;   595;   310

    55;   158;   932;   594;   295

    38;   151;   935;   589;   275

    42;   134;   935;   587;   321

    43;   173;   938;   582;   316

    45;   190;   938;   580;   311

    49;   149;   833;   575;   276

    48;   159;   833;   573;   310

    38;   167;   854;   569;   279

    42;   154;   854;   567;   268

    41;   145;   881;   563;   289

    36;   165;   881;   562;   297

    37;   161;   868;   558;   312

    52;   153;   868;   556;   278

    53;   172;   761;   552;   299

    43;   137;   761;   551;   322

    42;   146;   712;   547;   301

    48;   164;   712;   544;   288

    39;   172;  1124;   541;   311

    48;   162;  1124;   539;   320

    54;   144;  1137;   537;   304

    60;   142;  1137;   536;   326

    38;   165;  1075;   533;   270

    45;   145;  1075;   533;   285

    50;   151;     0;     0;     0

    46;     0;     0;     0;     0

    45;     0;     0;     0;     0

    54;     0;     0;     0;     0

    48;     0;     0;     0;     0

    58;     0;     0;     0;     0

    44;     0;     0;     0;     0

    45;     0;     0;     0;     0

    42;     0;     0;     0;     0

    53;     0;     0;     0;     0

    48;     0;     0;     0;     0

    54;     0;     0;     0;     0

    60;     0;     0;     0;     0

    56;     0;     0;     0;     0

    52;     0;     0;     0;     0

    47;     0;     0;     0;     0

    49;     0;     0;     0;     0

    45;     0;     0;     0;     0

    47;     0;     0;     0;     0

    57;     0;     0;     0;     0

    50;     0;     0;     0;     0

    40;     0;     0;     0;     0

    59;     0;     0;     0;     0

    44;     0;     0;     0;     0

    49;     0;     0;     0;     0

    49;     0;     0;     0;     0

    58;     0;     0;     0;     0

    64;     0;     0;     0;     0

    38;     0;     0;     0;     0

    50;     0;     0;     0;     0

    55;     0;     0;     0;     0

    44;     0;     0;     0;     0

    55;     0;     0;     0;     0

    47;     0;     0;     0;     0

    50;     0;     0;     0;     0

    53;     0;     0;     0;     0

    53;     0;     0;     0;     0

    44;     0;     0;     0;     0

    51;     0;     0;     0;     0

    52;     0;     0;     0;     0

    54;     0;     0;     0;     0

    49;     0;     0;     0;     0

    60;     0;     0;     0;     0

    58;     0;     0;     0;     0

    45;     0;     0;     0;     0

    51;     0;     0;     0;     0

    57;     0;     0;     0;     0

    58;     0;     0;     0;     0

    14

;    14

;     9

;    14

;    12

;    11

;    17

;     5

;    13

;    13

;    21

;    13

;    15

;    13

;    10

;    16

;    11

;     9

;    20

;    13

;    12

;    13

;    13

;     8

;    14

;    12

;    13

;    10

;    21

;    12

;     8

;     9

;    15

;     6

;     8

;    11

;     8

;    18

;     7

;    19

;    11

;    18

;     6

;     9

;    15

;    14

;    10

;    17

;     9

;    10

;    13

;    11

;    16

;     1

;    14

;    14

;    19

;    21

;    11

;     7

;    10

;    10

;    10

;    18

;    15

;    18

;    11

;    10

;    12

;    10

;    15

;    16

;    14

;    12

;    13

;    14

;     9

;    16

;    15

;    13

;    18

;    18

;    18

;    25

;    14

;    14

;    12

;    13

;    13

;    11

;    11

;    15

;    13

;    16

;    13

;     6

;    10

;     5

;     8

;    13

;